===================
1646
0
0 0 0 0 0
===================
===================
3243
0
1 0 0 0 239
===================
===================
4895
0
2 0 0 0 731
===================
===================
6545
0
3 89 178 25 1034
===================
===================
8143
4
4 325 313 69 1294
===================
===================
9769
37
5 571 445 207 1521
===================
===================
11417
135
6 869 620 436 1612
===================
===================
13097
309
7 1250 780 679 1680
===================
===================
14745
495
8 1651 957 902 1787
===================
===================
16362
778
9 2117 1149 1192 1889
===================
===================
18039
1111
10 2551 1358 1468 1981
===================
===================
19721
1520
11 2988 1570 1741 2079
===================
===================
21327
1949
12 3437 1796 1995 2175
===================
===================
23016
2392
13 3894 2002 2275 2284
===================
===================
24629
2852
14 4384 2219 2570 2393
===================
===================
26263
3325
15 4864 2500 2936 2393
===================
===================
27847
3897
16 5389 2752 3319 2393
===================
===================
29467
4465
17 5881 3014 3651 2393
===================
===================
31094
5021
18 6407 3312 4017 2393
===================
===================
32732
5571
19 6929 3578 4385 2393
===================
===================
34391
6111
20 7502 3815 4775 2393
===================
===================
36104
6689
21 8026 4053 5120 2393
===================
===================
37805
7297
22 8573 4330 5556 2393
===================
===================
39485
7916
23 9144 4538 5984 2393
===================
===================
41130
8564
24 9690 4807 6434 2393
===================
===================
42716
9186
25 10211 5060 6936 2393
===================
===================
44358
9863
26 10769 5303 7449 2393
===================
===================
45994
10538
27 11327 5555 7976 2393
===================
===================
47648
11216
28 11872 5815 8515 2393
===================
===================
49214
11902
29 12446 6061 9094 2393
===================
===================
50915
12612
30 12992 6318 9684 2393
===================
===================
52542
13259
31 13517 6585 10282 2393
===================
===================
54114
13975
32 14093 6829 10885 2393
===================
===================
55769
14606
33 14585 7098 11501 2393
===================
===================
57440
15284
34 15144 7338 12128 2393
===================
===================
59087
15949
35 15691 7592 12699 2393
===================
===================
60651
16542
36 16246 7840 13374 2393
===================
===================
62250
17198
37 16814 8090 14131 2393
===================
===================
63858
17861
38 17376 8326 14845 2393
===================
===================
65493
18518
39 17919 8616 15573 2393
===================
===================
67081
19233
40 18477 8889 16273 2393
===================
===================
68737
19889
41 19051 9137 16995 2393
===================
===================
70356
20556
42 19592 9387 17749 2393
===================
===================
72010
21237
43 20100 9674 18527 2393
===================
===================
73598
21943
44 20684 9911 19302 2393
===================
===================
75255
22574
45 21238 10167 20082 2393
===================
===================
76893
23229
46 21800 10392 20853 2393
===================
===================
78519
23967
47 22335 10649 21574 2393
===================
===================
80233
24665
48 22890 10912 22333 2393
===================
===================
81934
25389
49 23458 11177 23082 2393
===================
===================
83538
26079
50 24026 11459 23825 2393
===================
===================
85152
26767
51 24539 11739 24600 2393
===================
===================
86804
27471
52 25104 11981 25379 2393
===================
===================
88428
28162
53 25616 12256 26186 2393
===================
===================
90059
28842
54 26220 12505 26954 2393
===================
===================
91724
29590
55 26801 12757 27727 2393
===================
===================
93303
30242
56 27339 13014 28475 2393
===================
===================
94940
30939
57 27876 13286 29213 2393
===================
===================
96589
31663
58 28418 13569 30034 2393
===================
===================
98237
32355
59 28983 13832 30851 2393
===================
===================
99987
33079
60 29549 14111 31604 2393
===================
===================
101602
33787
61 30085 14352 32413 2393
===================
===================
103233
34468
62 30648 14643 33156 2393
===================
===================
104813
35171
63 31179 14932 33934 2393
===================
===================
106361
35917
64 31716 15186 34724 2393
===================
===================
107986
36643
65 32256 15478 35533 2393
===================
===================
109613
37336
66 32800 15760 36258 2393
===================
===================
111261
37980
67 33308 16016 37047 2393
===================
===================
112867
38619
68 33811 16276 37842 2393
===================
===================
114467
39295
69 34344 16549 38593 2393
===================
===================
116064
40003
70 34896 16839 39381 2393
===================
===================
117600
40647
71 35456 17128 40131 2393
===================
===================
119313
41337
72 35991 17401 40928 2393
===================
===================
120926
41996
73 36538 17668 41776 2393
===================
===================
122596
42686
74 37080 17957 42630 2393
===================
===================
124221
43365
75 37642 18217 43440 2393
===================
===================
125789
44005
76 38178 18469 44237 2393
===================
===================
127366
44648
77 38742 18743 45062 2393
===================
===================
129006
45290
78 39260 19002 45875 2393
===================
===================
130619
45928
79 39846 19257 46671 2393
===================
===================
132219
46615
80 40387 19554 47473 2393
===================
===================
133872
47334
81 40910 19882 48304 2393
===================
===================
135574
48017
82 41462 20169 49112 2393
===================
===================
137207
48699
83 41969 20486 49912 2393
===================
===================
138788
49303
84 42544 20745 50686 2393
===================
===================
140410
49917
85 43054 21052 51501 2393
===================
===================
142114
50592
86 43536 21312 52297 2393
===================
===================
143770
51265
87 44052 21598 53151 2393
===================
===================
145304
51936
88 44588 21871 53961 2393
===================
===================
146989
52579
89 45092 22172 54777 2393
===================
===================
148574
53227
90 45619 22450 55655 2393
===================
===================
150273
53867
91 46195 22737 56476 2393
===================
===================
151906
54548
92 46695 23019 57322 2393
===================
===================
153628
55220
93 47246 23292 58128 2393
===================
===================
155280
55922
94 47801 23610 58932 2393
===================
===================
156835
56683
95 48351 23936 59742 2393
===================
===================
158389
57313
96 48857 24207 60579 2393
===================
===================
160085
57945
97 49361 24496 61462 2393
===================
===================
161677
58605
98 49864 24775 62279 2393
===================
===================
163300
59218
99 50389 25061 63107 2393
===================
===================
164899
59898
100 50920 25309 63912 2393
===================
===================
166523
60556
101 51489 25572 64678 2393
===================
===================
168187
61209
102 52006 25873 65459 2393
===================
===================
169795
61863
103 52546 26154 66265 2393
===================
===================
171403
62562
104 53092 26416 67077 2393
===================
===================
173009
63257
105 53596 26686 67897 2393
===================
===================
174639
63931
106 54144 26970 68675 2393
===================
